Expected Points For Each Team From Making Each Round
+-------------------+-------------+----------+---------+---------+--------------+--------+---------+
|        Team       | Round of 32 | Sweet 16 | Elite 8 | Final 4 | Championship | Winner |  Total  |
+-------------------+-------------+----------+---------+---------+--------------+--------+---------+
|       Auburn      |    9.993    |  16.599  |  25.640 |  40.565 |    59.971    | 72.790 | 225.559 |
|      Houston      |    9.923    |  16.773  |  20.547 |  25.807 |    40.029    | 51.820 | 164.899 |
|        Duke       |    9.993    |  14.707  |  23.566 |  24.986 |    38.154    | 48.086 | 159.492 |
|     Tennessee     |    9.860    |  16.455  |  16.405 |  18.806 |    27.295    | 32.257 | 121.077 |
|      Florida      |    9.967    |  12.425  |  19.240 |  24.819 |    24.639    | 22.892 | 113.981 |
|      Alabama      |    9.927    |  14.744  |  21.003 |  28.249 |    20.273    | 18.468 | 112.664 |
|     Iowa State    |    9.966    |  14.478  |  17.112 |  17.370 |    14.232    | 10.806 |  83.964 |
|       Kansas      |    9.904    |  11.966  |  14.854 |  10.800 |    10.833    | 8.140  |  66.497 |
|      Illinois     |    8.698    |  12.363  |  13.550 |  13.323 |    10.454    | 7.556  |  65.945 |
|   Michigan State  |    9.094    |  13.355  |  11.146 |  11.749 |    5.959     | 3.939  |  55.243 |
|      Kentucky     |    9.323    |  10.015  |  12.269 |  11.441 |    5.899     | 4.017  |  52.963 |
|       Purdue      |    9.629    |  10.722  |  6.491  |  7.138  |    6.873     | 4.919  |  45.772 |
|     Marquette     |    9.512    |  11.387  |  10.115 |  8.080  |    3.504     | 2.015  |  44.613 |
|        TAMU       |    9.695    |  10.933  |  9.561  |  5.250  |    4.168     | 2.393  |  42.000 |
|     Wisconsin     |    6.401    |  6.819   |  8.344  |  7.866  |    4.235     | 2.958  |  36.623 |
|      Gonzaga      |    9.276    |  9.099   |  4.988  |  5.236  |    4.749     | 3.125  |  36.472 |
|      Arizona      |    5.816    |  4.770   |  6.714  |  7.512  |    6.192     | 4.721  |  35.724 |
|      Michigan     |    8.762    |  10.422  |  5.876  |  3.061  |    2.967     | 2.046  |  33.133 |
|      Missouri     |    7.020    |  9.156   |  5.967  |  5.087  |    3.024     | 1.637  |  31.891 |
|       Baylor      |    8.128    |  8.250   |  7.066  |  3.721  |    2.879     | 1.588  |  31.632 |
|       UConn       |    9.213    |  8.932   |  4.238  |  1.863  |    1.570     | 0.921  |  26.737 |
| Mississippi State |    8.503    |  6.522   |  5.010  |  3.329  |    1.686     | 0.771  |  25.822 |
|       Oregon      |    8.747    |  7.848   |  3.637  |  2.336  |    1.000     | 0.383  |  23.951 |
|     Texas Tech    |    5.848    |  3.425   |  4.252  |  2.808  |    3.184     | 2.689  |  22.208 |
|   West Virginia   |    6.185    |  5.830   |  4.603  |  3.261  |    1.254     | 0.636  |  21.769 |
|        UCLA       |    5.194    |  4.263   |  4.473  |  2.540  |    2.067     | 1.226  |  19.764 |
|     Louisville    |    6.120    |  3.662   |  3.799  |  3.538  |    1.479     | 0.824  |  19.422 |
|     Ohio State    |    4.184    |  2.805   |  3.526  |  3.381  |    2.318     | 1.458  |  17.673 |
|    Saint Mary's   |    4.806    |  3.768   |  3.804  |  2.050  |    1.592     | 0.898  |  16.917 |
|      Memphis      |    7.074    |  5.041   |  2.429  |  1.634  |    0.425     | 0.154  |  16.758 |
|    Saint John's   |    6.158    |  2.437   |  2.215  |  2.170  |    1.829     | 1.119  |  15.927 |
|        Pitt       |    5.647    |  3.338   |  2.548  |  1.565  |    0.727     | 0.304  |  14.129 |
|      Ole Miss     |    6.846    |  2.627   |  1.549  |  0.930  |    0.816     | 0.503  |  13.272 |
|     Creighton     |    3.210    |  2.883   |  3.062  |  2.394  |    1.014     | 0.570  |  13.133 |
|      Maryland     |    4.152    |  1.867   |  2.009  |  1.052  |    1.014     | 0.698  |  10.792 |
|      Georgia      |    5.789    |  2.319   |  0.940  |  0.476  |    0.358     | 0.185  |  10.067 |
|  San Diego State  |    4.353    |  2.183   |  1.433  |  0.750  |    0.296     | 0.105  |  9.121  |
|      Nebraska     |    3.815    |  2.694   |  1.486  |  0.725  |    0.170     | 0.055  |  8.945  |
|      Oklahoma     |    3.880    |  1.587   |  1.309  |  0.933  |    0.264     | 0.104  |  8.077  |
|     Utah State    |    2.980    |  2.730   |  0.899  |  0.435  |    0.135     | 0.037  |  7.216  |
|      Clemson      |    3.842    |  0.963   |  0.656  |  0.494  |    0.308     | 0.134  |  6.398  |
|   North Carolina  |    4.211    |  1.201   |  0.353  |  0.133  |    0.079     | 0.031  |  6.007  |
|      Bradley      |    2.926    |  1.152   |  0.257  |  0.088  |    0.010     | 0.002  |  4.435  |
|     UC-Irvine     |    1.872    |  0.787   |  0.240  |  0.036  |    0.009     | 0.001  |  2.945  |
|     New Mexico    |    2.134    |  0.453   |  0.170  |  0.064  |    0.038     | 0.014  |  2.872  |
|   McNeese State   |    1.302    |  0.794   |  0.280  |  0.080  |    0.016     | 0.003  |  2.475  |
|    Saint Louis    |    1.497    |  0.320   |  0.066  |  0.010  |    0.001     | 0.000  |  1.895  |
|        Yale       |    1.238    |  0.507   |  0.052  |  0.005  |    0.001     | 0.000  |  1.803  |
|    Utah Valley    |    1.253    |  0.266   |  0.017  |  0.002  |    0.000     | 0.000  |  1.539  |
|     High Point    |    0.906    |  0.451   |  0.056  |  0.012  |    0.001     | 0.000  |  1.425  |
|        Iowa       |    1.020    |  0.136   |  0.035  |  0.009  |    0.004     | 0.001  |  1.205  |
|      Samford      |    0.787    |  0.139   |  0.006  |  0.000  |    0.000     | 0.000  |  0.932  |
|      Lipscomb     |    0.724    |  0.132   |  0.008  |  0.002  |    0.000     | 0.000  |  0.865  |
|       Akron       |    0.677    |  0.130   |  0.035  |  0.005  |    0.000     | 0.000  |  0.848  |
|       Dayton      |    0.390    |  0.153   |  0.079  |  0.025  |    0.003     | 0.001  |  0.651  |
|       Bryant      |    0.488    |  0.088   |  0.006  |  0.000  |    0.000     | 0.000  |  0.583  |
| Northern Colorado |    0.371    |  0.047   |  0.001  |  0.000  |    0.000     | 0.000  |  0.420  |
|       Marist      |    0.305    |  0.030   |  0.001  |  0.000  |    0.000     | 0.000  |  0.337  |
|  Cleveland State  |    0.140    |  0.025   |  0.001  |  0.000  |    0.000     | 0.000  |  0.167  |
|      Southern     |    0.096    |  0.004   |  0.000  |  0.000  |    0.000     | 0.000  |  0.101  |
|  New Mexico State |    0.077    |  0.010   |  0.000  |  0.000  |    0.000     | 0.000  |  0.088  |
|   Nebraska-Omaha  |    0.073    |  0.007   |  0.001  |  0.000  |    0.000     | 0.000  |  0.080  |
|  William and Mary |    0.033    |  0.001   |  0.000  |  0.000  |    0.000     | 0.000  |  0.033  |
|    Long Island    |    0.020    |  0.001   |  0.000  |  0.000  |    0.000     | 0.000  |  0.020  |
|    Old Dominion   |    0.015    |  0.001   |  0.000  |  0.000  |    0.000     | 0.000  |  0.015  |
|   Morehead State  |    0.007    |  0.000   |  0.000  |  0.000  |    0.000     | 0.000  |  0.008  |
|      Colgate      |    0.006    |  0.000   |  0.000  |  0.000  |    0.000     | 0.000  |  0.006  |
|       Howard      |    0.001    |  0.000   |  0.000  |  0.000  |    0.000     | 0.000  |  0.001  |
+-------------------+-------------+----------+---------+---------+--------------+--------+---------+