Expected Points For Each Team Taking the Team With the Highest Overall Chance Each Round, Eliminating All Others That Cannot Continue
+-----------------------+-------------+----------+---------+---------+--------------+--------+---------+
|          Team         | Round of 32 | Sweet 16 | Elite 8 | Final 4 | Championship | Winner |  Total  |
+-----------------------+-------------+----------+---------+---------+--------------+--------+---------+
|         UConn         |    8.131    |  11.747  |  15.764 |  21.263 |    28.395    | 35.495 | 120.794 |
|        Houston        |    8.060    |  11.923  |  15.098 |  21.065 |    26.112    | 0.000  |  82.258 |
|         Purdue        |    8.142    |  10.361  |  13.100 |  17.446 |    0.000     | 0.000  |  49.050 |
|     North Carolina    |    8.099    |  10.776  |  11.822 |  13.332 |    0.000     | 0.000  |  44.029 |
|     South Carolina    |    6.331    |  7.852   |  9.388  |  0.000  |    0.000     | 0.000  |  23.571 |
|       Marquette       |    6.792    |  7.830   |  8.991  |  0.000  |    0.000     | 0.000  |  23.613 |
|        Illinois       |    5.916    |  7.026   |  7.691  |  0.000  |    0.000     | 0.000  |  20.633 |
|         Nevada        |    5.393    |  6.478   |  7.462  |  0.000  |    0.000     | 0.000  |  19.333 |
|       Tennessee       |    6.965    |  8.447   |  0.000  |  0.000  |    0.000     | 0.000  |  15.411 |
|     James Madison     |    6.701    |  8.065   |  0.000  |  0.000  |    0.000     | 0.000  |  14.766 |
|       Iowa State      |    6.743    |  7.048   |  0.000  |  0.000  |    0.000     | 0.000  |  13.791 |
|       New Mexico      |    5.713    |  6.864   |  0.000  |  0.000  |    0.000     | 0.000  |  12.577 |
|         Auburn        |    5.779    |  6.713   |  0.000  |  0.000  |    0.000     | 0.000  |  12.492 |
|        Kentucky       |    5.705    |  6.457   |  0.000  |  0.000  |    0.000     | 0.000  |  12.161 |
|     McNeese State     |    5.442    |  6.190   |  0.000  |  0.000  |    0.000     | 0.000  |  11.631 |
|      Grand Canyon     |    5.191    |  5.959   |  0.000  |  0.000  |    0.000     | 0.000  |  11.150 |
|        Arizona        |    6.545    |  0.000   |  0.000  |  0.000  |    0.000     | 0.000  |  6.545  |
|       Utah State      |    6.363    |  0.000   |  0.000  |  0.000  |    0.000     | 0.000  |  6.363  |
|          FAU          |    6.099    |  0.000   |  0.000  |  0.000  |    0.000     | 0.000  |  6.099  |
|         Drake         |    5.990    |  0.000   |  0.000  |  0.000  |    0.000     | 0.000  |  5.990  |
|        Samford        |    5.887    |  0.000   |  0.000  |  0.000  |    0.000     | 0.000  |  5.887  |
|       Creighton       |    5.815    |  0.000   |  0.000  |  0.000  |    0.000     | 0.000  |  5.815  |
|   Mississippi State   |    5.665    |  0.000   |  0.000  |  0.000  |    0.000     | 0.000  |  5.665  |
| College of Charleston |    5.597    |  0.000   |  0.000  |  0.000  |    0.000     | 0.000  |  5.597  |
|    San Diego State    |    5.564    |  0.000   |  0.000  |  0.000  |    0.000     | 0.000  |  5.564  |
|        Duquesne       |    5.461    |  0.000   |  0.000  |  0.000  |    0.000     | 0.000  |  5.461  |
|         Baylor        |    5.437    |  0.000   |  0.000  |  0.000  |    0.000     | 0.000  |  5.437  |
|          TAMU         |    5.380    |  0.000   |  0.000  |  0.000  |    0.000     | 0.000  |  5.380  |
|       Texas Tech      |    5.302    |  0.000   |  0.000  |  0.000  |    0.000     | 0.000  |  5.302  |
|        Vermont        |    5.188    |  0.000   |  0.000  |  0.000  |    0.000     | 0.000  |  5.188  |
|        Florida        |    4.915    |  0.000   |  0.000  |  0.000  |    0.000     | 0.000  |  4.915  |
|         Texas         |    4.664    |  0.000   |  0.000  |  0.000  |    0.000     | 0.000  |  4.664  |
|          Yale         |    0.000    |  0.000   |  0.000  |  0.000  |    0.000     | 0.000  |  0.000  |
|       Wisconsin       |    0.000    |  0.000   |  0.000  |  0.000  |    0.000     | 0.000  |  0.000  |
|    Western Kentucky   |    0.000    |  0.000   |  0.000  |  0.000  |    0.000     | 0.000  |  0.000  |
|    Washington State   |    0.000    |  0.000   |  0.000  |  0.000  |    0.000     | 0.000  |  0.000  |
|         Wagner        |    0.000    |  0.000   |  0.000  |  0.000  |    0.000     | 0.000  |  0.000  |
|        Virginia       |    0.000    |  0.000   |  0.000  |  0.000  |    0.000     | 0.000  |  0.000  |
|          UAB          |    0.000    |  0.000   |  0.000  |  0.000  |    0.000     | 0.000  |  0.000  |
|          TCU          |    0.000    |  0.000   |  0.000  |  0.000  |    0.000     | 0.000  |  0.000  |
|        Stetson        |    0.000    |  0.000   |  0.000  |  0.000  |    0.000     | 0.000  |  0.000  |
|   South Dakota State  |    0.000    |  0.000   |  0.000  |  0.000  |    0.000     | 0.000  |  0.000  |
|     Saint Peter's     |    0.000    |  0.000   |  0.000  |  0.000  |    0.000     | 0.000  |  0.000  |
|      Saint Mary's     |    0.000    |  0.000   |  0.000  |  0.000  |    0.000     | 0.000  |  0.000  |
|         Oregon        |    0.000    |  0.000   |  0.000  |  0.000  |    0.000     | 0.000  |  0.000  |
|    Oakland-Michigan   |    0.000    |  0.000   |  0.000  |  0.000  |    0.000     | 0.000  |  0.000  |
|      Northwestern     |    0.000    |  0.000   |  0.000  |  0.000  |    0.000     | 0.000  |  0.000  |
|        Nebraska       |    0.000    |  0.000   |  0.000  |  0.000  |    0.000     | 0.000  |  0.000  |
|        NC State       |    0.000    |  0.000   |  0.000  |  0.000  |    0.000     | 0.000  |  0.000  |
|     Morehead State    |    0.000    |  0.000   |  0.000  |  0.000  |    0.000     | 0.000  |  0.000  |
|     Montana State     |    0.000    |  0.000   |  0.000  |  0.000  |    0.000     | 0.000  |  0.000  |
|     Michigan State    |    0.000    |  0.000   |  0.000  |  0.000  |    0.000     | 0.000  |  0.000  |
|        Longwood       |    0.000    |  0.000   |  0.000  |  0.000  |    0.000     | 0.000  |  0.000  |
|         Kansas        |    0.000    |  0.000   |  0.000  |  0.000  |    0.000     | 0.000  |  0.000  |
|         Howard        |    0.000    |  0.000   |  0.000  |  0.000  |    0.000     | 0.000  |  0.000  |
|    Grambling State    |    0.000    |  0.000   |  0.000  |  0.000  |    0.000     | 0.000  |  0.000  |
|        Gonzaga        |    0.000    |  0.000   |  0.000  |  0.000  |    0.000     | 0.000  |  0.000  |
|          Duke         |    0.000    |  0.000   |  0.000  |  0.000  |    0.000     | 0.000  |  0.000  |
|         Dayton        |    0.000    |  0.000   |  0.000  |  0.000  |    0.000     | 0.000  |  0.000  |
|     Colorado State    |    0.000    |  0.000   |  0.000  |  0.000  |    0.000     | 0.000  |  0.000  |
|        Colorado       |    0.000    |  0.000   |  0.000  |  0.000  |    0.000     | 0.000  |  0.000  |
|        Colgate        |    0.000    |  0.000   |  0.000  |  0.000  |    0.000     | 0.000  |  0.000  |
|        Clemson        |    0.000    |  0.000   |  0.000  |  0.000  |    0.000     | 0.000  |  0.000  |
|  Cal State-Long Beach |    0.000    |  0.000   |  0.000  |  0.000  |    0.000     | 0.000  |  0.000  |
|      Boise State      |    0.000    |  0.000   |  0.000  |  0.000  |    0.000     | 0.000  |  0.000  |
|          BYU          |    0.000    |  0.000   |  0.000  |  0.000  |    0.000     | 0.000  |  0.000  |
|        Alabama        |    0.000    |  0.000   |  0.000  |  0.000  |    0.000     | 0.000  |  0.000  |
|         Akron         |    0.000    |  0.000   |  0.000  |  0.000  |    0.000     | 0.000  |  0.000  |
|         Total         |   194.975   | 129.734  |  89.317 |  73.107 |    54.507    | 35.495 | 577.134 |
+-----------------------+-------------+----------+---------+---------+--------------+--------+---------+