1263620
1265669
1263621
1265672
1265673
1265674
1409036
1265678
1265679
1265680
1265685
1265694
1263650
1265699
1452070
1265703
1265706
1265707
1261612
1265711
1265712
1265713
1265714
1263663
1265716
1265718
1265719
1447995
1265725
1263679
1265731
1265739
1265742
1265744
1265746
1265748
1265750
1265756
1265759
1261666
1263714
1263718
1265767
1265768
1265777
1265778
1265779
1265780
1265782
1265784
1263736
1265786
1263741
1265790
1265794
1265795
1263754
1263783
1386679
1263803
1263809
1261788
1261793
1263846
1292518
1263850
1261819
1263871
1263875
1263881
1263882
1261834
1261858
1263930
1261904
1263964
1259876
1458534
1263977
1458537
1264003
1264009
1264031
1261984
1261986
1261988
1264040
1264042
1264053
1259974
1262023
1264072
1264080
1401308
1260014
1272302
1264122
1264132
1260042
1264139
1262094
1264145
1264161
1425956
1264166
1264170
1262128
1262141
1264201
1292914
1264243
1264254
1264259
1264308
1264381
1262339
1260298
1264454
1264463
1262425
1262426
1262454
1264510
1264513
1264523
1264534
1264536
1389464
1264539
1264540
1264541
1264548
1264552
1260463
1264562
1264563
1264564
1264599
1264604
1262574
1262578
1264629
1264643
1264659
1264663
1264673
1264680
1264708
1264711
1264716
1264726
1264730
1264733
1264738
1264740
1264754
1264755
1264760
1264765
1264770
1264772
1264773
1264774
1264775
1264776
1264778
1264779
1264780
1264782
1264783
1264785
1264786
1264788
1264790
1264792
1264793
1264795
1264797
1264799
1264800
1264802
1264803
1264804
1264805
1264819
1264820
1264824
1264826
1264833
1264838
1264839
1264840
1264841
1264842
1264843
1264844
1264847
1264849
1264850
1264851
1264852
1264853
1264854
1264855
1264858
1264859
1264860
1264861
1264862
1264864
1264867
1264868
1264870
1264871
1264872
1264873
1264874
1262825
1334509
1264878
1264881
1260788
1260789
1264907
1264908
1264909
1463569
1463576
1264923
1264924
1264925
1260854
1260857
1264958
1262913
1264962
1264963
1264966
1264967
1264968
1264971
1264973
1264974
1264975
1264976
1264977
1264978
1264979
1264980
1264981
1264982
1264985
1264986
1264991
1346912
1264995
1346917
1264997
1264998
1264999
1267049
1265000
1265001
1265002
1265003
1265005
1265006
1265007
1265009
1265011
1265012
1262963
1265014
1265015
1265017
1267067
1265019
1265021
1265022
1265023
1265024
1265025
1265026
1265027
1265028
1265029
1265030
1265033
1265034
1267083
1265035
1265036
1265037
1265039
1265040
1265041
1265044
1265047
1265048
1265049
1265050
1262999
1265054
1265055
1265056
1265057
1263010
1265059
1265060
1265061
1265065
1263021
1265069
1265070
1265073
1265074
1265077
1265078
1265080
1265081
1265083
1265084
1265085
1263038
1265086
1265087
1265088
1265089
1265090
1265091
1265094
1265096
1265097
1265100
1265101
1314254
1265102
1265103
1265104
1265106
1265111
1263099
1261058
1261063
1265161
1299997
1261086
1300016
1261117
1263213
1263218
1265269
1263231
1302166
1263272
1384109
1261232
1261252
1359573
1263329
1261301
1263396
1263398
1263433
1263437
1261405
1263497
1265570
1265571
1265574
1265576
1265583
1263541
1265589
1265591
1265592
1265597
1355710
1265600
1265601
1265602
1265603
1265604
1265608
1265609
1265625
1265629
1265632
1265648
1261553
1265661