Expected Points For Each Team Taking the Team With the Highest Overall Chance Each Round, Eliminating All Others That Cannot Continue
+-------------------+-------------+----------+---------+---------+--------------+--------+---------+
|        Team       | Round of 32 | Sweet 16 | Elite 8 | Final 4 | Championship | Winner |  Total  |
+-------------------+-------------+----------+---------+---------+--------------+--------+---------+
|       Auburn      |    9.921    |  15.977  |  23.905 |  34.577 |    48.257    | 65.043 | 197.679 |
|      Alabama      |    9.743    |  14.030  |  21.018 |  30.877 |    40.240    | 0.000  | 115.908 |
|      Florida      |    9.743    |  14.485  |  20.194 |  28.416 |    0.000     | 0.000  |  72.837 |
|     Tennessee     |    9.569    |  14.064  |  18.397 |  25.692 |    0.000     | 0.000  |  67.723 |
|        TAMU       |    9.601    |  15.160  |  21.248 |  0.000  |    0.000     | 0.000  |  46.008 |
| Mississippi State |    9.030    |  11.992  |  15.643 |  0.000  |    0.000     | 0.000  |  36.664 |
|      Michigan     |    8.980    |  13.588  |  14.970 |  0.000  |    0.000     | 0.000  |  37.538 |
|      Kentucky     |    9.030    |  10.466  |  13.856 |  0.000  |    0.000     | 0.000  |  33.353 |
|       Purdue      |    9.371    |  15.420  |  0.000  |  0.000  |    0.000     | 0.000  |  24.791 |
|     Iowa State    |    9.625    |  13.432  |  0.000  |  0.000  |    0.000     | 0.000  |  23.056 |
|   Michigan State  |    8.853    |  12.550  |  0.000  |  0.000  |    0.000     | 0.000  |  21.402 |
|        Duke       |    9.654    |  10.805  |  0.000  |  0.000  |    0.000     | 0.000  |  20.459 |
|     Marquette     |    9.270    |  9.947   |  0.000  |  0.000  |    0.000     | 0.000  |  19.217 |
|       Kansas      |    9.527    |  9.654   |  0.000  |  0.000  |    0.000     | 0.000  |  19.181 |
|      Missouri     |    7.141    |  9.363   |  0.000  |  0.000  |    0.000     | 0.000  |  16.505 |
|      Ole Miss     |    7.516    |  9.157   |  0.000  |  0.000  |    0.000     | 0.000  |  16.673 |
|      Houston      |    9.183    |  0.000   |  0.000  |  0.000  |    0.000     | 0.000  |  9.183  |
|       Oregon      |    8.801    |  0.000   |  0.000  |  0.000  |    0.000     | 0.000  |  8.801  |
|      Illinois     |    8.578    |  0.000   |  0.000  |  0.000  |    0.000     | 0.000  |  8.578  |
|      Gonzaga      |    8.175    |  0.000   |  0.000  |  0.000  |    0.000     | 0.000  |  8.175  |
|       UConn       |    7.864    |  0.000   |  0.000  |  0.000  |    0.000     | 0.000  |  7.864  |
|      Memphis      |    7.128    |  0.000   |  0.000  |  0.000  |    0.000     | 0.000  |  7.128  |
|      Georgia      |    6.895    |  0.000   |  0.000  |  0.000  |    0.000     | 0.000  |  6.895  |
|     Wisconsin     |    6.804    |  0.000   |  0.000  |  0.000  |    0.000     | 0.000  |  6.804  |
|       Baylor      |    6.674    |  0.000   |  0.000  |  0.000  |    0.000     | 0.000  |  6.674  |
|        UCLA       |    6.530    |  0.000   |  0.000  |  0.000  |    0.000     | 0.000  |  6.530  |
|      Oklahoma     |    6.141    |  0.000   |  0.000  |  0.000  |    0.000     | 0.000  |  6.141  |
|    Saint John's   |    5.666    |  0.000   |  0.000  |  0.000  |    0.000     | 0.000  |  5.666  |
|      Arizona      |    5.503    |  0.000   |  0.000  |  0.000  |    0.000     | 0.000  |  5.503  |
|        Pitt       |    5.303    |  0.000   |  0.000  |  0.000  |    0.000     | 0.000  |  5.303  |
|      Nebraska     |    5.281    |  0.000   |  0.000  |  0.000  |    0.000     | 0.000  |  5.281  |
|     Texas Tech    |    5.112    |  0.000   |  0.000  |  0.000  |    0.000     | 0.000  |  5.112  |
|        Yale       |    0.000    |  0.000   |  0.000  |  0.000  |    0.000     | 0.000  |  0.000  |
|  William and Mary |    0.000    |  0.000   |  0.000  |  0.000  |    0.000     | 0.000  |  0.000  |
|   West Virginia   |    0.000    |  0.000   |  0.000  |  0.000  |    0.000     | 0.000  |  0.000  |
|    Utah Valley    |    0.000    |  0.000   |  0.000  |  0.000  |    0.000     | 0.000  |  0.000  |
|     Utah State    |    0.000    |  0.000   |  0.000  |  0.000  |    0.000     | 0.000  |  0.000  |
|     UC-Irvine     |    0.000    |  0.000   |  0.000  |  0.000  |    0.000     | 0.000  |  0.000  |
|      Southern     |    0.000    |  0.000   |  0.000  |  0.000  |    0.000     | 0.000  |  0.000  |
|  San Diego State  |    0.000    |  0.000   |  0.000  |  0.000  |    0.000     | 0.000  |  0.000  |
|      Samford      |    0.000    |  0.000   |  0.000  |  0.000  |    0.000     | 0.000  |  0.000  |
|    Saint Mary's   |    0.000    |  0.000   |  0.000  |  0.000  |    0.000     | 0.000  |  0.000  |
|    Saint Louis    |    0.000    |  0.000   |  0.000  |  0.000  |    0.000     | 0.000  |  0.000  |
|    Old Dominion   |    0.000    |  0.000   |  0.000  |  0.000  |    0.000     | 0.000  |  0.000  |
|     Ohio State    |    0.000    |  0.000   |  0.000  |  0.000  |    0.000     | 0.000  |  0.000  |
| Northern Colorado |    0.000    |  0.000   |  0.000  |  0.000  |    0.000     | 0.000  |  0.000  |
|   North Carolina  |    0.000    |  0.000   |  0.000  |  0.000  |    0.000     | 0.000  |  0.000  |
|  New Mexico State |    0.000    |  0.000   |  0.000  |  0.000  |    0.000     | 0.000  |  0.000  |
|     New Mexico    |    0.000    |  0.000   |  0.000  |  0.000  |    0.000     | 0.000  |  0.000  |
|   Nebraska-Omaha  |    0.000    |  0.000   |  0.000  |  0.000  |    0.000     | 0.000  |  0.000  |
|   Morehead State  |    0.000    |  0.000   |  0.000  |  0.000  |    0.000     | 0.000  |  0.000  |
|   McNeese State   |    0.000    |  0.000   |  0.000  |  0.000  |    0.000     | 0.000  |  0.000  |
|      Maryland     |    0.000    |  0.000   |  0.000  |  0.000  |    0.000     | 0.000  |  0.000  |
|       Marist      |    0.000    |  0.000   |  0.000  |  0.000  |    0.000     | 0.000  |  0.000  |
|     Louisville    |    0.000    |  0.000   |  0.000  |  0.000  |    0.000     | 0.000  |  0.000  |
|    Long Island    |    0.000    |  0.000   |  0.000  |  0.000  |    0.000     | 0.000  |  0.000  |
|      Lipscomb     |    0.000    |  0.000   |  0.000  |  0.000  |    0.000     | 0.000  |  0.000  |
|        Iowa       |    0.000    |  0.000   |  0.000  |  0.000  |    0.000     | 0.000  |  0.000  |
|       Howard      |    0.000    |  0.000   |  0.000  |  0.000  |    0.000     | 0.000  |  0.000  |
|     High Point    |    0.000    |  0.000   |  0.000  |  0.000  |    0.000     | 0.000  |  0.000  |
|       Dayton      |    0.000    |  0.000   |  0.000  |  0.000  |    0.000     | 0.000  |  0.000  |
|     Creighton     |    0.000    |  0.000   |  0.000  |  0.000  |    0.000     | 0.000  |  0.000  |
|      Colgate      |    0.000    |  0.000   |  0.000  |  0.000  |    0.000     | 0.000  |  0.000  |
|  Cleveland State  |    0.000    |  0.000   |  0.000  |  0.000  |    0.000     | 0.000  |  0.000  |
|      Clemson      |    0.000    |  0.000   |  0.000  |  0.000  |    0.000     | 0.000  |  0.000  |
|       Bryant      |    0.000    |  0.000   |  0.000  |  0.000  |    0.000     | 0.000  |  0.000  |
|      Bradley      |    0.000    |  0.000   |  0.000  |  0.000  |    0.000     | 0.000  |  0.000  |
|       Akron       |    0.000    |  0.000   |  0.000  |  0.000  |    0.000     | 0.000  |  0.000  |
|       Total       |   256.211   | 200.089  | 149.229 | 119.562 |    88.497    | 65.043 | 878.631 |
+-------------------+-------------+----------+---------+---------+--------------+--------+---------+