Expected Points For Each Team Taking the Team With the Highest Overall Expected Points Each Round
+-----------------------+-------------+----------+---------+---------+--------------+--------+---------+
|          Team         | Round of 32 | Sweet 16 | Elite 8 | Final 4 | Championship | Winner |  Total  |
+-----------------------+-------------+----------+---------+---------+--------------+--------+---------+
|        Houston        |    8.239    |  11.970  |  15.798 |  21.986 |    27.069    | 33.719 | 118.781 |
|         UConn         |    8.088    |  11.244  |  14.799 |  19.227 |    24.924    | 0.000  |  78.283 |
|         Purdue        |    8.618    |  11.249  |  14.573 |  19.596 |    0.000     | 0.000  |  54.035 |
|     North Carolina    |    8.488    |  11.174  |  12.484 |  14.138 |    0.000     | 0.000  |  46.285 |
|       Tennessee       |    7.684    |  9.313   |  10.745 |  0.000  |    0.000     | 0.000  |  27.742 |
|       Iowa State      |    7.345    |  8.123   |  9.577  |  0.000  |    0.000     | 0.000  |  25.045 |
|       Marquette       |    6.804    |  7.512   |  8.613  |  0.000  |    0.000     | 0.000  |  22.929 |
|        Arizona        |    7.294    |  7.181   |  7.917  |  0.000  |    0.000     | 0.000  |  22.392 |
|         Auburn        |    6.404    |  7.613   |  0.000  |  0.000  |    0.000     | 0.000  |  14.017 |
|        Illinois       |    6.216    |  7.237   |  0.000  |  0.000  |    0.000     | 0.000  |  13.453 |
|     South Carolina    |    5.982    |  7.007   |  0.000  |  0.000  |    0.000     | 0.000  |  12.989 |
|     James Madison     |    6.045    |  6.762   |  0.000  |  0.000  |    0.000     | 0.000  |  12.808 |
|        Kentucky       |    6.111    |  6.675   |  0.000  |  0.000  |    0.000     | 0.000  |  12.786 |
|       New Mexico      |    5.800    |  6.629   |  0.000  |  0.000  |    0.000     | 0.000  |  12.429 |
|      Grand Canyon     |    5.570    |  6.531   |  0.000  |  0.000  |    0.000     | 0.000  |  12.101 |
|     McNeese State     |    5.327    |  5.630   |  0.000  |  0.000  |    0.000     | 0.000  |  10.957 |
|       Utah State      |    6.555    |  0.000   |  0.000  |  0.000  |    0.000     | 0.000  |  6.555  |
|         Baylor        |    6.401    |  0.000   |  0.000  |  0.000  |    0.000     | 0.000  |  6.401  |
|         Drake         |    5.927    |  0.000   |  0.000  |  0.000  |    0.000     | 0.000  |  5.927  |
|    San Diego State    |    5.891    |  0.000   |  0.000  |  0.000  |    0.000     | 0.000  |  5.891  |
|       Creighton       |    5.890    |  0.000   |  0.000  |  0.000  |    0.000     | 0.000  |  5.890  |
|          FAU          |    5.788    |  0.000   |  0.000  |  0.000  |    0.000     | 0.000  |  5.788  |
|       Texas Tech      |    5.757    |  0.000   |  0.000  |  0.000  |    0.000     | 0.000  |  5.757  |
|        Nebraska       |    5.681    |  0.000   |  0.000  |  0.000  |    0.000     | 0.000  |  5.681  |
|        Samford        |    5.424    |  0.000   |  0.000  |  0.000  |    0.000     | 0.000  |  5.424  |
|   Mississippi State   |    5.369    |  0.000   |  0.000  |  0.000  |    0.000     | 0.000  |  5.369  |
|        Alabama        |    5.161    |  0.000   |  0.000  |  0.000  |    0.000     | 0.000  |  5.161  |
|          BYU          |    5.133    |  0.000   |  0.000  |  0.000  |    0.000     | 0.000  |  5.133  |
|         Nevada        |    5.099    |  0.000   |  0.000  |  0.000  |    0.000     | 0.000  |  5.099  |
|          Duke         |    5.086    |  0.000   |  0.000  |  0.000  |    0.000     | 0.000  |  5.086  |
|        Florida        |    5.027    |  0.000   |  0.000  |  0.000  |    0.000     | 0.000  |  5.027  |
|          Yale         |    0.000    |  0.000   |  0.000  |  0.000  |    0.000     | 0.000  |  0.000  |
|       Wisconsin       |    0.000    |  0.000   |  0.000  |  0.000  |    0.000     | 0.000  |  0.000  |
|    Western Kentucky   |    0.000    |  0.000   |  0.000  |  0.000  |    0.000     | 0.000  |  0.000  |
|    Washington State   |    0.000    |  0.000   |  0.000  |  0.000  |    0.000     | 0.000  |  0.000  |
|         Wagner        |    0.000    |  0.000   |  0.000  |  0.000  |    0.000     | 0.000  |  0.000  |
|        Virginia       |    0.000    |  0.000   |  0.000  |  0.000  |    0.000     | 0.000  |  0.000  |
|        Vermont        |    0.000    |  0.000   |  0.000  |  0.000  |    0.000     | 0.000  |  0.000  |
|          UAB          |    0.000    |  0.000   |  0.000  |  0.000  |    0.000     | 0.000  |  0.000  |
|         Texas         |    0.000    |  0.000   |  0.000  |  0.000  |    0.000     | 0.000  |  0.000  |
|          TCU          |    0.000    |  0.000   |  0.000  |  0.000  |    0.000     | 0.000  |  0.000  |
|          TAMU         |    0.000    |  0.000   |  0.000  |  0.000  |    0.000     | 0.000  |  0.000  |
|        Stetson        |    0.000    |  0.000   |  0.000  |  0.000  |    0.000     | 0.000  |  0.000  |
|   South Dakota State  |    0.000    |  0.000   |  0.000  |  0.000  |    0.000     | 0.000  |  0.000  |
|     Saint Peter's     |    0.000    |  0.000   |  0.000  |  0.000  |    0.000     | 0.000  |  0.000  |
|      Saint Mary's     |    0.000    |  0.000   |  0.000  |  0.000  |    0.000     | 0.000  |  0.000  |
|         Oregon        |    0.000    |  0.000   |  0.000  |  0.000  |    0.000     | 0.000  |  0.000  |
|    Oakland-Michigan   |    0.000    |  0.000   |  0.000  |  0.000  |    0.000     | 0.000  |  0.000  |
|      Northwestern     |    0.000    |  0.000   |  0.000  |  0.000  |    0.000     | 0.000  |  0.000  |
|        NC State       |    0.000    |  0.000   |  0.000  |  0.000  |    0.000     | 0.000  |  0.000  |
|     Morehead State    |    0.000    |  0.000   |  0.000  |  0.000  |    0.000     | 0.000  |  0.000  |
|     Montana State     |    0.000    |  0.000   |  0.000  |  0.000  |    0.000     | 0.000  |  0.000  |
|     Michigan State    |    0.000    |  0.000   |  0.000  |  0.000  |    0.000     | 0.000  |  0.000  |
|        Longwood       |    0.000    |  0.000   |  0.000  |  0.000  |    0.000     | 0.000  |  0.000  |
|         Kansas        |    0.000    |  0.000   |  0.000  |  0.000  |    0.000     | 0.000  |  0.000  |
|         Howard        |    0.000    |  0.000   |  0.000  |  0.000  |    0.000     | 0.000  |  0.000  |
|    Grambling State    |    0.000    |  0.000   |  0.000  |  0.000  |    0.000     | 0.000  |  0.000  |
|        Gonzaga        |    0.000    |  0.000   |  0.000  |  0.000  |    0.000     | 0.000  |  0.000  |
|        Duquesne       |    0.000    |  0.000   |  0.000  |  0.000  |    0.000     | 0.000  |  0.000  |
|         Dayton        |    0.000    |  0.000   |  0.000  |  0.000  |    0.000     | 0.000  |  0.000  |
|     Colorado State    |    0.000    |  0.000   |  0.000  |  0.000  |    0.000     | 0.000  |  0.000  |
|        Colorado       |    0.000    |  0.000   |  0.000  |  0.000  |    0.000     | 0.000  |  0.000  |
| College of Charleston |    0.000    |  0.000   |  0.000  |  0.000  |    0.000     | 0.000  |  0.000  |
|        Colgate        |    0.000    |  0.000   |  0.000  |  0.000  |    0.000     | 0.000  |  0.000  |
|        Clemson        |    0.000    |  0.000   |  0.000  |  0.000  |    0.000     | 0.000  |  0.000  |
|  Cal State-Long Beach |    0.000    |  0.000   |  0.000  |  0.000  |    0.000     | 0.000  |  0.000  |
|      Boise State      |    0.000    |  0.000   |  0.000  |  0.000  |    0.000     | 0.000  |  0.000  |
|         Akron         |    0.000    |  0.000   |  0.000  |  0.000  |    0.000     | 0.000  |  0.000  |
|         Total         |   194.207   | 131.847  |  94.508 |  74.948 |    51.993    | 33.719 | 581.221 |
+-----------------------+-------------+----------+---------+---------+--------------+--------+---------+