Expected Points For Each Team From Making Each Round
+-------------------+-------------+----------+---------+---------+--------------+--------+---------+
|        Team       | Round of 32 | Sweet 16 | Elite 8 | Final 4 | Championship | Winner |  Total  |
+-------------------+-------------+----------+---------+---------+--------------+--------+---------+
|       Auburn      |    8.958    |  11.847  |  16.763 |  22.773 |    30.646    | 40.320 | 131.307 |
|      Florida      |    8.039    |  10.647  |  13.417 |  17.780 |    19.954    | 23.790 |  93.627 |
|      Alabama      |    7.741    |  9.394   |  11.109 |  13.617 |    16.178    | 17.947 |  75.986 |
|     Tennessee     |    7.158    |  9.537   |  11.134 |  13.513 |    15.379    | 16.626 |  73.348 |
|        Duke       |    7.843    |  9.268   |  11.422 |  12.438 |    13.387    | 13.654 |  68.011 |
|      Houston      |    7.878    |  8.885   |  9.875  |  11.239 |    11.921    | 11.975 |  61.774 |
|        TAMU       |    7.041    |  8.356   |  9.561  |  9.271  |    10.291    | 11.053 |  55.574 |
|     Iowa State    |    7.932    |  9.214   |  10.259 |  9.723  |    8.622     | 8.216  |  53.966 |
|       Purdue      |    6.946    |  9.164   |  8.103  |  9.002  |    9.897     | 10.523 |  53.635 |
|     Utah State    |    6.102    |  7.631   |  8.042  |  9.759  |    9.809     | 10.537 |  51.880 |
|     Wisconsin     |    6.141    |  7.153   |  8.511  |  8.918  |    9.777     | 9.946  |  50.446 |
|      Memphis      |    6.115    |  7.038   |  7.465  |  8.592  |    9.561     | 9.884  |  48.655 |
|     Marquette     |    7.289    |  8.179   |  8.344  |  7.991  |    8.042     | 7.468  |  47.313 |
|      Michigan     |    6.210    |  7.617   |  7.845  |  7.826  |    7.701     | 7.157  |  44.355 |
| Mississippi State |    6.881    |  7.680   |  8.423  |  7.873  |    6.881     | 6.466  |  44.203 |
|    Saint Mary's   |    5.841    |  6.945   |  7.605  |  7.094  |    7.609     | 7.882  |  42.976 |
|   Michigan State  |    5.957    |  6.031   |  5.955  |  6.417  |    6.669     | 6.409  |  37.438 |
|       Kansas      |    6.707    |  6.642   |  6.753  |  5.789  |    5.756     | 5.508  |  37.155 |
|      Ole Miss     |    5.379    |  5.495   |  5.540  |  5.726  |    5.467     | 4.925  |  32.532 |
|      Kentucky     |    5.558    |  5.373   |  5.785  |  5.397  |    5.299     | 4.792  |  32.203 |
|     Louisville    |    5.266    |  4.969   |  4.942  |  5.140  |    5.150     | 4.759  |  30.225 |
|     Texas Tech    |    5.203    |  5.040   |  5.415  |  5.029  |    4.600     | 3.964  |  29.251 |
|     UC-Irvine     |    5.480    |  5.374   |  5.382  |  4.479  |    4.336     | 4.035  |  29.086 |
|      Illinois     |    5.410    |  5.634   |  5.744  |  4.933  |    3.945     | 3.403  |  29.069 |
|       Oregon      |    5.945    |  5.395   |  4.754  |  4.935  |    4.107     | 3.682  |  28.818 |
|    Saint John's   |    5.070    |  3.964   |  4.452  |  4.683  |    4.876     | 4.895  |  27.939 |
|  San Diego State  |    5.375    |  5.380   |  5.310  |  4.380  |    3.358     | 2.780  |  26.584 |
|      Clemson      |    4.930    |  3.796   |  4.213  |  4.374  |    4.494     | 4.451  |  26.258 |
|      Nebraska     |    5.151    |  5.261   |  4.806  |  4.097  |    3.691     | 3.048  |  26.055 |
|      Arizona      |    5.246    |  4.349   |  4.166  |  4.281  |    3.521     | 3.121  |  24.685 |
|      Maryland     |    4.797    |  4.465   |  4.618  |  4.108  |    3.595     | 2.960  |  24.543 |
|      Oklahoma     |    4.734    |  4.233   |  3.988  |  3.938  |    3.741     | 3.267  |  23.901 |
|     New Mexico    |    3.470    |  3.667   |  3.829  |  4.097  |    4.062     | 3.805  |  22.930 |
|   West Virginia   |    4.849    |  4.813   |  4.254  |  3.504  |    3.054     | 2.436  |  22.910 |
|      Gonzaga      |    5.816    |  5.032   |  3.250  |  2.770  |    2.337     | 1.882  |  21.086 |
|        UCLA       |    4.159    |  4.265   |  3.962  |  3.070  |    2.785     | 2.421  |  20.663 |
|   McNeese State   |    4.590    |  4.414   |  4.146  |  3.240  |    2.348     | 1.842  |  20.579 |
|      Samford      |    5.117    |  4.485   |  3.668  |  2.886  |    2.228     | 1.614  |  19.999 |
|     Ohio State    |    4.754    |  3.733   |  3.396  |  3.326  |    2.583     | 2.167  |  19.960 |
|       Akron       |    4.442    |  3.809   |  3.682  |  3.036  |    2.649     | 2.115  |  19.731 |
|      Missouri     |    3.898    |  4.031   |  3.389  |  3.373  |    2.672     | 2.284  |  19.647 |
|      Georgia      |    5.045    |  4.031   |  3.374  |  2.979  |    2.399     | 1.814  |  19.642 |
|        Pitt       |    4.625    |  4.304   |  3.931  |  2.968  |    2.075     | 1.571  |  19.475 |
|       Baylor      |    4.520    |  4.016   |  3.642  |  2.712  |    2.373     | 1.986  |  19.249 |
|   North Carolina  |    4.955    |  3.919   |  3.247  |  2.838  |    2.262     | 1.692  |  18.912 |
|       UConn       |    4.883    |  4.169   |  3.318  |  2.539  |    1.905     | 1.340  |  18.154 |
|      Bradley      |    3.885    |  3.604   |  3.032  |  2.815  |    2.509     | 2.048  |  17.894 |
|     High Point    |    4.043    |  3.326   |  2.665  |  2.363  |    2.010     | 1.562  |  15.969 |
|     Creighton     |    2.679    |  2.748   |  2.893  |  2.631  |    2.521     | 2.222  |  15.694 |
|        Yale       |    3.790    |  3.729   |  2.954  |  2.249  |    1.679     | 1.175  |  15.577 |
|    Utah Valley    |    4.055    |  2.942   |  2.078  |  1.768  |    1.167     | 0.835  |  12.846 |
|      Lipscomb     |    4.184    |  2.986   |  1.540  |  1.076  |    0.744     | 0.488  |  11.018 |
|  Cleveland State  |    2.842    |  2.513   |  1.823  |  1.400  |    0.972     | 0.631  |  10.180 |
| Northern Colorado |    3.054    |  2.819   |  1.491  |  1.066  |    0.755     | 0.507  |  9.692  |
|       Marist      |    2.959    |  2.253   |  1.636  |  0.954  |    0.666     | 0.440  |  8.909  |
|    Saint Louis    |    3.119    |  2.273   |  1.632  |  0.944  |    0.501     | 0.289  |  8.759  |
|      Southern     |    3.293    |  2.148   |  1.459  |  0.805  |    0.532     | 0.333  |  8.569  |
|       Bryant      |    2.711    |  1.747   |  0.982  |  0.506  |    0.281     | 0.140  |  6.368  |
|   Nebraska-Omaha  |    2.259    |  1.404   |  0.842  |  0.537  |    0.327     | 0.179  |  5.549  |
|  William and Mary |    1.961    |  1.270   |  0.757  |  0.497  |    0.245     | 0.132  |  4.862  |
|   Morehead State  |    2.157    |  1.227   |  0.760  |  0.385  |    0.189     | 0.087  |  4.805  |
|  New Mexico State |    2.122    |  1.108   |  0.576  |  0.308  |    0.146     | 0.064  |  4.324  |
|       Dayton      |    1.180    |  0.918   |  0.742  |  0.500  |    0.360     | 0.234  |  3.934  |
|        Iowa       |    1.150    |  0.845   |  0.602  |  0.440  |    0.290     | 0.179  |  3.507  |
|    Long Island    |    1.171    |  0.654   |  0.344  |  0.142  |    0.053     | 0.022  |  2.386  |
|    Old Dominion   |    0.897    |  0.449   |  0.211  |  0.078  |    0.026     | 0.009  |  1.670  |
|      Colgate      |    0.709    |  0.294   |  0.151  |  0.068  |    0.031     | 0.013  |  1.266  |
|       Howard      |    0.333    |  0.100   |  0.038  |  0.013  |    0.004     | 0.001  |  0.489  |
+-------------------+-------------+----------+---------+---------+--------------+--------+---------+