Expected Points For Each Team Taking the Team With the Highest Victory Chance Each Round, Assuming They Have Made it that far
+-----------------------+-------------+----------+---------+---------+--------------+--------+---------+
|          Team         | Round of 32 | Sweet 16 | Elite 8 | Final 4 | Championship | Winner |  Total  |
+-----------------------+-------------+----------+---------+---------+--------------+--------+---------+
|         UConn         |    7.743    |  10.723  |  13.758 |  17.814 |    23.770    | 30.001 | 103.808 |
|         Purdue        |    7.978    |  10.105  |  12.754 |  17.213 |    21.599    | 0.000  |  69.649 |
|        Houston        |    7.638    |  10.846  |  13.723 |  18.719 |    0.000     | 0.000  |  50.926 |
|       New Mexico      |    6.074    |  7.649   |  8.834  |  10.282 |    0.000     | 0.000  |  32.840 |
|         Drake         |    6.377    |  7.562   |  8.624  |  0.000  |    0.000     | 0.000  |  22.563 |
|       Marquette       |    6.520    |  7.207   |  8.287  |  0.000  |    0.000     | 0.000  |  22.015 |
|      Grand Canyon     |    5.853    |  7.065   |  8.286  |  0.000  |    0.000     | 0.000  |  21.204 |
|     South Carolina    |    5.999    |  7.142   |  8.133  |  0.000  |    0.000     | 0.000  |  21.274 |
|     North Carolina    |    7.751    |  9.079   |  0.000  |  0.000  |    0.000     | 0.000  |  16.830 |
|         Auburn        |    6.173    |  7.285   |  0.000  |  0.000  |    0.000     | 0.000  |  13.457 |
|     James Madison     |    5.882    |  6.905   |  0.000  |  0.000  |    0.000     | 0.000  |  12.787 |
|        Illinois       |    5.907    |  6.859   |  0.000  |  0.000  |    0.000     | 0.000  |  12.766 |
|        Samford        |    5.699    |  6.052   |  0.000  |  0.000  |    0.000     | 0.000  |  11.751 |
|         Nevada        |    5.043    |  5.862   |  0.000  |  0.000  |    0.000     | 0.000  |  10.904 |
|       Texas Tech      |    5.189    |  5.323   |  0.000  |  0.000  |    0.000     | 0.000  |  10.513 |
|       Iowa State      |    6.872    |  0.000   |  0.000  |  0.000  |    0.000     | 0.000  |  6.872  |
|       Utah State      |    6.575    |  0.000   |  0.000  |  0.000  |    0.000     | 0.000  |  6.575  |
|       Tennessee       |    6.514    |  0.000   |  0.000  |  0.000  |    0.000     | 0.000  |  6.514  |
|        Arizona        |    6.485    |  0.000   |  0.000  |  0.000  |    0.000     | 0.000  |  6.485  |
|          FAU          |    6.167    |  0.000   |  0.000  |  0.000  |    0.000     | 0.000  |  6.167  |
|   Mississippi State   |    6.074    |  0.000   |  0.000  |  0.000  |    0.000     | 0.000  |  6.074  |
|    San Diego State    |    5.874    |  0.000   |  0.000  |  0.000  |    0.000     | 0.000  |  5.874  |
|         Baylor        |    5.805    |  0.000   |  0.000  |  0.000  |    0.000     | 0.000  |  5.805  |
|     McNeese State     |    5.424    |  0.000   |  0.000  |  0.000  |    0.000     | 0.000  |  5.424  |
|       Creighton       |    5.374    |  0.000   |  0.000  |  0.000  |    0.000     | 0.000  |  5.374  |
|        Florida        |    5.297    |  0.000   |  0.000  |  0.000  |    0.000     | 0.000  |  5.297  |
|        Duquesne       |    5.280    |  0.000   |  0.000  |  0.000  |    0.000     | 0.000  |  5.280  |
|        Kentucky       |    5.264    |  0.000   |  0.000  |  0.000  |    0.000     | 0.000  |  5.264  |
| College of Charleston |    5.226    |  0.000   |  0.000  |  0.000  |    0.000     | 0.000  |  5.226  |
|        Nebraska       |    5.191    |  0.000   |  0.000  |  0.000  |    0.000     | 0.000  |  5.191  |
|        Vermont        |    5.136    |  0.000   |  0.000  |  0.000  |    0.000     | 0.000  |  5.136  |
|          Yale         |    0.000    |  0.000   |  0.000  |  0.000  |    0.000     | 0.000  |  0.000  |
|       Wisconsin       |    0.000    |  0.000   |  0.000  |  0.000  |    0.000     | 0.000  |  0.000  |
|    Western Kentucky   |    0.000    |  0.000   |  0.000  |  0.000  |    0.000     | 0.000  |  0.000  |
|    Washington State   |    0.000    |  0.000   |  0.000  |  0.000  |    0.000     | 0.000  |  0.000  |
|         Wagner        |    0.000    |  0.000   |  0.000  |  0.000  |    0.000     | 0.000  |  0.000  |
|        Virginia       |    0.000    |  0.000   |  0.000  |  0.000  |    0.000     | 0.000  |  0.000  |
|          UAB          |    0.000    |  0.000   |  0.000  |  0.000  |    0.000     | 0.000  |  0.000  |
|         Texas         |    0.000    |  0.000   |  0.000  |  0.000  |    0.000     | 0.000  |  0.000  |
|          TCU          |    0.000    |  0.000   |  0.000  |  0.000  |    0.000     | 0.000  |  0.000  |
|          TAMU         |    0.000    |  0.000   |  0.000  |  0.000  |    0.000     | 0.000  |  0.000  |
|        Stetson        |    0.000    |  0.000   |  0.000  |  0.000  |    0.000     | 0.000  |  0.000  |
|   South Dakota State  |    0.000    |  0.000   |  0.000  |  0.000  |    0.000     | 0.000  |  0.000  |
|     Saint Peter's     |    0.000    |  0.000   |  0.000  |  0.000  |    0.000     | 0.000  |  0.000  |
|      Saint Mary's     |    0.000    |  0.000   |  0.000  |  0.000  |    0.000     | 0.000  |  0.000  |
|         Oregon        |    0.000    |  0.000   |  0.000  |  0.000  |    0.000     | 0.000  |  0.000  |
|    Oakland-Michigan   |    0.000    |  0.000   |  0.000  |  0.000  |    0.000     | 0.000  |  0.000  |
|      Northwestern     |    0.000    |  0.000   |  0.000  |  0.000  |    0.000     | 0.000  |  0.000  |
|        NC State       |    0.000    |  0.000   |  0.000  |  0.000  |    0.000     | 0.000  |  0.000  |
|     Morehead State    |    0.000    |  0.000   |  0.000  |  0.000  |    0.000     | 0.000  |  0.000  |
|     Montana State     |    0.000    |  0.000   |  0.000  |  0.000  |    0.000     | 0.000  |  0.000  |
|     Michigan State    |    0.000    |  0.000   |  0.000  |  0.000  |    0.000     | 0.000  |  0.000  |
|        Longwood       |    0.000    |  0.000   |  0.000  |  0.000  |    0.000     | 0.000  |  0.000  |
|         Kansas        |    0.000    |  0.000   |  0.000  |  0.000  |    0.000     | 0.000  |  0.000  |
|         Howard        |    0.000    |  0.000   |  0.000  |  0.000  |    0.000     | 0.000  |  0.000  |
|    Grambling State    |    0.000    |  0.000   |  0.000  |  0.000  |    0.000     | 0.000  |  0.000  |
|        Gonzaga        |    0.000    |  0.000   |  0.000  |  0.000  |    0.000     | 0.000  |  0.000  |
|          Duke         |    0.000    |  0.000   |  0.000  |  0.000  |    0.000     | 0.000  |  0.000  |
|         Dayton        |    0.000    |  0.000   |  0.000  |  0.000  |    0.000     | 0.000  |  0.000  |
|     Colorado State    |    0.000    |  0.000   |  0.000  |  0.000  |    0.000     | 0.000  |  0.000  |
|        Colorado       |    0.000    |  0.000   |  0.000  |  0.000  |    0.000     | 0.000  |  0.000  |
|        Colgate        |    0.000    |  0.000   |  0.000  |  0.000  |    0.000     | 0.000  |  0.000  |
|        Clemson        |    0.000    |  0.000   |  0.000  |  0.000  |    0.000     | 0.000  |  0.000  |
|  Cal State-Long Beach |    0.000    |  0.000   |  0.000  |  0.000  |    0.000     | 0.000  |  0.000  |
|      Boise State      |    0.000    |  0.000   |  0.000  |  0.000  |    0.000     | 0.000  |  0.000  |
|          BYU          |    0.000    |  0.000   |  0.000  |  0.000  |    0.000     | 0.000  |  0.000  |
|        Alabama        |    0.000    |  0.000   |  0.000  |  0.000  |    0.000     | 0.000  |  0.000  |
|         Akron         |    0.000    |  0.000   |  0.000  |  0.000  |    0.000     | 0.000  |  0.000  |
|         Total         |   188.383   | 115.664  |  82.399 |  64.028 |    45.368    | 30.001 | 525.842 |
+-----------------------+-------------+----------+---------+---------+--------------+--------+---------+